Time 05.04.1999 14:26:07, Fs = 100.000000
2-1
665.892395
604.768066
502.226501
545.102905
704.159058
691.497864
533.228699
522.035706
719.310974
668.544373
344.425110
444.740295
479.735382
424.521545
531.042969
396.751801
424.596619
467.064056
480.766693
588.159485
548.204529
529.192871
435.378967
485.641724
732.320801
957.685974
648.453857
-512.170227
-969.387939
-480.803986
238.247757
743.915588
912.014465
991.958557
1048.869995
1039.207520
876.611633
998.727295
1008.243530
880.985596
823.656433
805.698303
869.537231
818.962463
866.270691
957.295410
889.457886
796.028015
715.953796
707.336426
578.623962
484.232941
535.198120
484.348480
380.550262
344.921722
305.829376
227.861740
213.727249
189.182953
180.132111
151.665787
112.859352
224.233780
225.056030
131.337540
132.222717
138.518570
206.157776
135.452255
92.093803
130.857224
39.729832
94.027695
157.018890
71.821823
16.887157
58.137005
118.118126
68.388596
-41.885075
63.006493
107.901947
78.468071
42.004692
-29.880909
83.284081
62.335495
69.531830
122.450935
103.593773
70.348259
-47.882736
19.364998
31.565096
-15.466969
81.291702
64.521149
26.696049
17.594576
136.097046
538.227600
480.074615
-565.535034
-1220.226685
-859.160706
-109.075867
382.677795
545.338562
668.657227
802.275024
919.331970
931.158508
904.363403
939.593994
819.757935
829.682800
925.959961
939.470764
880.903992
865.490051
916.973145
924.526367
893.390747
894.931030
815.720398
865.258911
846.065002
633.974670
681.090576
766.245972
667.297180
610.840393
700.256409
670.912842
579.243958
681.604492
707.215088
663.247986
623.325195
632.679749
677.143372
700.669189
690.109253
671.334167
810.081665
708.471985
607.766968
675.372864
697.502258
764.085144
638.828796
618.275574
625.160217
514.665588
538.054626
585.386292
573.954163
607.797668
694.530212
583.124390
563.566772
731.741760
617.984375
412.188904
504.603394
650.951111
634.091980
591.002258
633.071106
645.187378
529.476379
523.421753
518.921326
455.537384
536.198303
447.449982
359.940582
470.181519
453.310303
408.733673
402.883301
588.649048
984.004944
770.591248
-282.526764
-826.651550
-573.997498
-151.949615
263.387604
482.317566
589.741150
529.709534
552.027588
626.645386
591.651550
574.349976
583.629578
535.650391
537.547424
664.126343
456.304138
464.626892
682.546753
512.907166
521.154114
636.888306
567.762878
476.099274
377.683716
315.039856
393.745392
336.547974
286.743103
362.471344
234.237747
212.238632
280.745667
284.765167
221.737686
182.487671
244.103470
175.640228
152.479904
171.842819
203.526352
228.742599
202.727280
232.708282
194.018509
216.372055
170.832108
113.952835
93.473846
137.010040
252.638947
74.004669
10.443412
115.547585
144.961380
155.789612
64.021790
35.239353
91.617050
93.209839
127.840370
134.834366
66.202370
64.693977
97.624947
2.124172
17.600451
163.684326
45.500996
81.012459
208.762726
47.862659
24.072477
79.982193
112.501221
156.675964
173.902573
98.471252
48.963943
235.414032
116.519485
-22.738691
75.760590
27.710064
111.846161
16.673075
-60.811932
58.717228
-44.366787
14.985985
237.674545
525.609741
39.505245
-993.049377
-887.462524
-284.661499
58.194744
550.994080
847.734375
933.327026
952.490356
993.823059
1120.953735
1095.146118
896.350769
951.596924
1053.054443
922.471924
874.460693
837.826233
973.881592
940.136841
712.657898
798.337585
891.393982
730.244446
636.739136
587.965820
578.136902
586.388367
639.083679
568.738525
525.377014
625.897156
568.490540
535.733337
504.386658
451.347290
506.820221
542.818298
549.500610
611.917175
490.497253
418.590881
577.294800
515.528015
469.095032
501.610565
539.933289
550.547363
476.770844
458.287994
407.742889
441.941589
397.817322
286.175049
493.042908
506.301544
371.154999
421.497253
383.502136
392.994659
343.511078
308.262573
371.994110
370.367889
448.053436
366.126343
271.100555
381.332825
363.908875
359.574280
332.741272
268.265991
416.524109
448.806366
320.807892
307.227631
299.828186
389.889008
407.533813
349.122955
502.635345
461.421478
377.384857
354.687500
189.094818
215.005219
384.889618
463.931610
483.432281
531.074158
435.876465
456.522430
764.075989
957.061157
669.668884
-372.563873
-888.878601
-628.452209
-143.717972
179.586990
267.669281
435.340851
428.256775
343.601044
208.273361
233.056839
328.659485
138.021790
-29.269541
-31.832436
-70.237251
-266.459015
-238.135727
-93.511421
-187.038879
-140.431824
9.344076
-113.365288
-145.159409
-160.508667
-358.993591
-420.881775
-568.503052
-465.950256
-398.751953
-658.710571
-599.059387
-479.440613
-574.977539
-601.373291
-552.426147
-941.687683
-1163.613525
-1023.902161
-908.301270
-721.981750
-489.201263
-458.564728
-463.501617
-211.546616
-93.934479
-332.629364
-399.212036
-323.584961
-315.041473
-288.982239
-228.261917
-237.493332
-298.147156
-278.500000
-388.863678
-495.000458
-375.777222
-338.248199
-318.937836
-214.119049
-205.454605
-231.295792
-251.226395
-225.988663
-252.010605
-333.761902
-354.980194
-353.648346
-345.618713
-461.576447
-512.415283
-465.550812
-448.482452
-432.578064
-453.169220
-207.346436
-37.716465
-203.841644
-316.732422
-327.555969
-209.631012
-98.222404
-67.838615
-56.521553
-18.459385
74.003586
264.659241
597.109619
555.179382
-273.133057
-686.714905
-630.632141
-313.331787
312.281158
871.505493
1317.140747
1408.617676
1062.746582
845.105286
564.526001
346.743652
271.083069
175.426346
128.959946
125.618523
163.508362
93.392235
83.275871
147.172806
-89.029877
-405.148071
-460.368927
-491.642273
-729.414429
-685.029419
-696.136230
-850.504089
-742.805176
-805.302368
-893.200989
-908.798645
-847.430359
-790.904358
-860.668640
-701.120056
-627.150085
-564.537109
-540.476318
-575.354614
-678.692261
-680.027100
-537.056702
-611.918274
-577.495422
-498.551758
-531.596863
-526.613770
-637.167114
-594.445374
-425.625793
-613.028381
-787.526123
-609.918091
-557.386353
-629.951965
-546.565735
-516.742798
-446.425018
-344.639648
-362.553436
-369.851166
-260.830872
-222.331741
-352.516846
129.790878
351.635101
-281.395416
-518.205261
-509.321259
-501.670258
-405.672852
-511.996094
-448.327728
42.201130
505.230499
155.890182
-758.019836
-611.542114
192.040009
584.992920
894.012634
643.579773
-59.556854
-309.268707
-449.156250
-581.931213
-589.331909
-580.864929
-410.100281
-398.629608
-302.379944
-64.733368
-52.541615
81.504860
20.278614
142.431625
549.191223
298.746796
268.178589
475.959717
197.338593
-122.847557
-449.566406
-841.141235
-986.659851
-920.662903
-974.954651
-923.265442
-760.355591
-796.650940
-871.190796
-819.396118
-615.041992
-661.754456
-722.187622
-461.859100
-405.173218
-380.284271
-248.843491
-262.150879
-343.484436
-218.153137
-133.430786
-114.464188
-95.476715
-297.070038
-7.757654
-72.076454
171.474304
1800.235840
1663.948242
1278.493286
961.059692
778.841309
603.789185
72.559669
-539.799194
-789.838806
-1202.354980
-1293.216064
-879.355469
-312.767456
-36.316971
47.630676
-655.082336
-1536.690308
-1178.340088
-482.990295
76.159302
425.701294
86.691910
-544.080994
-864.010437
-798.482483
-625.763794
-713.953186
-785.864197
-591.851257
-627.842834
-683.640564
-438.610687
-422.049194
-462.510620
-180.662613
-103.347130
-75.422981
33.201565
-81.241234
-105.313408
-10.103209
184.907791
280.734741
187.371201
151.579041
314.990967
193.692398
70.815788
653.528076
401.144073
469.062866
1074.127075
386.743469
397.781006
1288.306641
1041.954590
210.890976
-301.272369
-664.752197
-934.163269
-993.430054
-975.471313
-983.660034
-930.230408
-852.104248
-978.928223
-1067.572876
-1073.128784
-985.783508
-968.806091
-948.525635
-901.789368
-860.030396
-713.095520
-861.427185
-987.587341
-943.905029
-930.985901
-720.017273
-478.438690
-584.118347
-1706.341675
-2051.749023
-1608.453125
-539.048767
1404.680664
1421.807251
527.229797
79.554199
-276.796448
-413.749603
-680.616760
-61.967583
598.294678
660.492371
632.578308
-372.977081
-904.846375
-683.660889
-261.644989
709.920837
1018.941406
741.783020
610.102539
406.886078
151.860809
94.317017
-106.478928
-313.320648
-399.912567
-534.769287
-753.728882
-926.114136
-992.471252
-1008.873230
-1012.492371
-1003.584961
-923.835876
-822.399353
-912.866150
-992.879578
-901.176208
-919.525940
-906.086609
-950.684326
-941.104797
-861.250183
-916.109924
-894.999634
-924.666321
-914.299622
-771.031250
-867.932800
-877.566650
-848.153687
-866.129272
-935.060547
-905.841736
-682.826050
-803.032349
-769.131714
-644.866699
-642.586670
-605.484070
-485.478455
-251.489639
-976.704041
-1722.765991
-1101.880981
-346.074738
297.893860
768.780518
975.028442
922.864563
931.727051
958.968994
996.665466
969.154114
932.880920
881.228699
901.910217
916.215210
931.871765
966.086975
948.033936
905.268982
845.501526
802.280762
823.006958
796.905396
782.982300
749.816406
587.341187
634.403076
678.726746
571.956665
629.769775
584.199829
562.385864
599.045410
535.616150
447.786224
322.230804
500.003021
661.517456
641.348755
621.044250
554.585938
600.336792
645.904236
608.308655
567.234192
536.592957
472.350372
595.137390
708.304077
617.198242
634.665894
650.425476
607.957886
579.303467
533.309875
438.915039
447.721588
531.054871
417.296326
442.724762
512.501160
446.886780
502.472656
675.344666
994.036072
339.055511
-990.824829
-949.365112
-408.619324
247.592331
510.456512
622.883911
675.262695
708.285339
805.314331
675.177917
650.883301
850.585144
944.683594
804.127808
741.870911
959.546570
963.164978
870.459900
901.808472
929.871582
958.558472
819.709351
673.220520
702.089111
628.833313
581.989868
433.247437
393.331726
381.052277
364.458984
441.908234
279.606598
333.292084
451.806335
239.461014
298.189178
360.672760
249.922958
285.802521
279.828278
267.663574
264.362579
258.741669
265.808472
244.488388
166.258438
216.377457
236.604965
70.386375
190.737366
278.778656
176.881256
199.507996
192.209702
206.999908
135.219147
-34.640095
-16.926052
105.630867
120.195625
45.263287
-0.657151
62.563675
173.915070
415.858185
628.569824
-337.299774
-1277.339233
-946.806396
-405.905029
354.505066
812.019714
903.708923
930.553589
989.595337
1060.177490
924.231567
904.414551
958.174316
824.787903
934.293701
954.687622
838.656799
927.199951
994.721863
901.834167
932.003113
928.656372
707.057922
552.034363
648.677979
642.840332
545.419006
612.414307
663.780579
540.943420
511.354614
381.426849
275.622955
446.894745
447.106964
368.116211
416.190826
489.756439
463.605042
332.727264
351.602539
339.095520
269.880371
397.912292
443.120331
275.648499
87.452133
100.668655
94.510689
25.669458
192.354538
220.976395
216.989548
239.986420
219.903915
348.407349
293.899414
127.439896
114.527031
167.092346
64.849762
-124.743217
-122.297775
-85.795509
-143.051453
-66.976044
243.570923
486.894745
-162.949158
-1239.501465
-956.868591
-549.016907
118.744644
518.999390
608.370789
661.342224
870.480469
1103.600342
1075.496460
921.315430
1037.017700
1043.468262
946.917175
968.280029
940.102722
963.807800
980.029541
927.671204
785.780945
665.734741
693.295471
662.019470
613.942749
446.762207
445.873383
440.214661
329.433380
235.552383
118.665527
103.693497
52.661079
-18.850260
-3.140677
57.769417
17.300827
-23.544559
-57.437321
-42.645584
-41.084553
-146.692459
-38.194023
26.708099
-16.489370
-16.701527
-110.131516
-151.605240
-120.002060
-118.807777
-82.938744
91.347580
55.435871
-60.292046
119.835320
157.794922
89.093384
99.872505
-10.878935
77.942139
213.663086
41.546467
39.456398
85.915771
30.927624
58.614807
139.836563
367.421112
542.415649
-261.326141
-1385.009521
-1179.164795
-533.605347
-83.282608
233.364761
310.794067
579.931824
674.489136
614.417480
892.995239
922.053833
921.801086
964.899902
981.999268
1001.664246
950.408447
933.464111
959.791382
909.223511
857.758301
865.831970
916.098938
785.724426
726.123352
820.314697
1060.586426
1232.796387
1088.652832
926.798279
759.816650
641.765747
612.221436
471.581177
196.350800
279.605774
267.942047
23.410490
134.030975
97.798218
-63.491810
-122.063698
-371.394318
-431.504333
-449.405609
-595.672974
-606.463074
-612.435974
-677.959229
-706.844727
-745.390747
-852.947510
-811.199097
-642.644897
-690.391785
-874.580994
-940.478271
-914.119263
-869.109314
-917.537048
-989.677734
-966.339661
-913.799744
-854.669312
-969.190674
-985.249756
-868.751709
-747.741333
-587.825989
-431.926697
-1142.912231
-2025.715088
-1659.010498
-851.479553
-160.429001
320.231781
522.519653
530.954346
718.978271
917.880493
991.572571
1011.996948
1128.255859
1086.485840
985.585449
946.306396
1009.050903
946.544495
904.200684
1006.735779
995.125000
842.221802
873.566956
881.419067
819.227783
934.004333
917.168762
820.995911
677.873474
533.588745
571.344299
407.111420
260.566895
266.326843
188.218643
203.667892
140.437149
-212.127975
-330.645386
-229.745590
-381.605347
-471.371399
-529.313721
-529.246460
-544.758911
-666.992126
-598.578735
-570.822205
-545.201660
-554.743347
-581.866882
-474.986084
-527.313904
-658.243103
-575.462646
-518.390137
-490.493958
-390.401428
-462.308777
-563.760071
-640.729797
-586.860107
-494.775269
-446.880127
-334.612885
-302.339142
-207.754272
-153.990570
-237.446808
-308.632507
-215.691605
-181.721405
-349.788635
-392.755432
-362.767395
-167.689423
106.042923
379.659790
153.748703
-989.881348
-1382.021362
-803.179016
-93.351875
555.525146
948.269714
1041.545654
1011.329956
986.962280
988.507080
945.585144
912.996155
944.699524
974.989014
979.438904
1026.605591
1034.461670
889.567261
945.227234
980.336121
903.064636
901.711121
883.056763
912.036438
876.671814
788.043457
761.717163
897.716492
917.906311
778.908020
854.383789
995.346619
973.988770
865.920898
868.063843
927.882751
832.942261
816.583679
950.838013
979.331970
967.241455
961.293518
885.623291
828.097900
901.960999
832.083130
655.803955
736.949280
809.864685
801.630188
755.232178
716.749329
786.518372
678.043457
652.962219
700.298767
607.814331
631.853455
597.180298
649.639771
709.193359
628.767578
630.649963
526.561951
516.947327
565.800354
529.847290
511.334930
523.375610
518.855896
467.522614
510.878418
606.543762
709.909546
656.433899
565.192993
655.574219
619.952759
434.708771
410.814240
455.937164
433.205170
395.960632
374.827057
389.008545
369.024445
326.624084
723.159485
944.891479
13.376336
-953.849487
-900.071655
-300.866638
226.610611
495.677948
529.603760
612.100281
746.461426
683.227600
649.957092
686.252563
660.123352
645.030640
628.810608
630.729187
637.418640
630.959961
662.394714
683.185059
639.393799
556.874146
528.652039
437.126892
411.132416
394.315918
259.219177
377.938019
348.960327
262.853058
347.608795
128.851868
156.438736
292.892303
103.177338
178.142792
254.313522
216.309860
252.481888
183.474899
147.600357
61.398369
10.077812
47.983208
35.757118
2.751436
48.231136
129.836777
-3.142316
-52.549370
-15.222878
-139.365952
-110.201080
51.494225
6.052023
-95.655296
-69.337807
-110.102592
-124.209366
-160.355377
-215.654251
-188.804626
-194.095413
-102.854492
-110.731087
-148.922134
-73.277885
-136.176620
-187.517120
-147.182663
-125.866058
-93.985054
-105.356056
-87.449142
-45.892666
-84.020271
-83.337669
-124.636703
-98.110199
-95.459763
-234.734848
-282.746643
-218.343887
-290.970703
-410.122314
-317.131714
-249.415222
-196.514618
-53.431427
230.073807
-225.355194
-1271.562256
-1280.515137
-584.233337
139.310272
558.105835
730.044739
906.543457
985.703552
936.297852
906.122925
909.049377
923.652039
934.970520
908.698425
866.034729
894.067688
952.298157
881.572571
929.342896
965.117432
932.467285
900.419861
876.514343
812.876221
726.891235
634.184998
672.275635
562.972961
555.898315
707.149963
633.833618
612.232544
507.164856
548.066101
653.217468
505.710541
556.617065
550.091125
462.372223
582.866882
660.983154
567.272522
513.743408
546.244568
558.148132
537.254700
520.709412
549.924744
501.977020
461.742279
528.103149
508.737946
411.132202
439.164886
546.540527
513.942993
412.737640
424.026611
390.316315
374.514160
488.385010
364.088593
356.180359
502.211792
430.737915
391.963745
424.842987
456.599396
366.092163
343.923553
395.191254
392.065277
336.586487
285.351196
352.330933
307.135590
315.749847
425.625305
712.428162
722.289917
-259.851532
-919.073425
-627.999878
-165.763428
369.643463
873.085938
858.058655
929.513977
1036.360474
879.199768
968.342529
998.779480
899.893066
904.867798
893.051453
961.229065
967.016541
976.102539
847.969910
851.661499
956.321228
889.479187
804.710510
775.470215
829.652649
800.530212
622.630127
645.302490
672.166687
520.381531
552.422485
556.323364
462.160187
464.811676
511.108795
497.445221
489.434143
513.461304
484.224762
450.516266
496.339783
611.705078
568.410950
463.825287
468.499146
514.013184
544.079956
408.076508
422.802368
591.047729
379.365448
322.704468
427.302673
354.324615
409.482788
444.012634
373.825714
244.217148
281.777863
434.225281
479.413269
504.796844
443.943909
379.250244
417.445923
353.894073
284.636871
301.876862
254.284225
294.271240
333.722321
361.642731
241.287491
254.914154
556.460266
764.236145
476.565247
-681.102844
-1070.149658
-577.873535
-1.429507
436.008240
609.002747
817.645996
819.685608
823.599915
877.763733
943.414734
919.745667
793.602783
956.430115
909.400452
865.304932
936.747681
990.867004
958.591125
965.957947
818.409119
702.182861
786.587280
742.173645
587.059753
690.377258
771.359802
671.934875
589.596436
553.133789
601.216309
557.244385
533.930481
607.408569
461.607117
498.370728
622.351379
553.756897
600.090393
592.682068
574.236450
605.153992
578.013306
481.818665
434.175964
571.127869
624.420410
526.335754
485.160522
513.323547
562.794434
544.463196
415.921295
439.524292
507.314606
427.731323
438.158875
517.793152
523.549377
429.510529
460.292542
547.734924
450.241394
379.146790
340.288818
334.222717
363.223389
332.478577
324.033356
231.653046
183.512436
502.846283
698.808777
808.862976
418.663879
-885.540039
-1152.582275
-507.592926
55.061852
495.505585
737.575256
687.683472
567.354736
792.618591
855.617676
826.203918
935.815308
868.203186
847.535889
836.847473
947.096558
923.797119
862.489990
942.507751
896.606262
883.997070
913.519897
719.869568
625.941162
745.885498
609.658691
531.291504
574.399170
634.895996
610.505859
495.716736
509.774506
487.060425
477.972076
465.573273
374.130188
396.558197
544.655029
547.847961
385.078156
435.593323
491.828644
430.430145
494.606018
489.179840
401.326233
409.282654
388.609772
373.977783
381.005554
420.223450
445.269745
329.400085
405.526123
423.761505
322.470062
366.651581
329.030182
428.236481
463.164825
368.881470
451.625427
374.034912
172.117798
179.187897
241.480240
243.691376
267.472382
267.483124
303.391571
359.841187
609.416260
848.772583
64.212616
-993.228516
-966.000610
-578.024963
58.402214
524.954712
559.333740
582.737732
612.013184
637.994263
574.139038
597.576843
714.824768
693.796265
584.448669
595.959595
645.468689
596.802612
597.377747
595.869141
605.151184
732.850403
720.121887
540.530701
461.016296
513.104370
486.107727
333.375336
350.609497
329.271301
119.438217
118.835831
246.018463
130.468597
157.279617
226.459991
108.763382
220.613174
217.501572
237.094604
358.342621
297.833130
337.576965
310.837311
223.282394
188.284164
210.652939
288.181915
188.455200
169.001038
207.618744
205.748581
196.932999
203.813858
376.175018
341.445221
189.007813
165.713333
198.502609
105.823082
34.677090
186.033875
172.518982
145.486053
152.479263
166.168671
231.136383
351.260468
738.953125
538.090210
-588.422913
-1104.599121
-745.004150
-201.780594
428.838959
694.469055
629.356323
846.693115
940.691895
947.530884
981.061462
947.954590
970.982788
927.615540
960.767395
997.573364
978.140381
976.531677
916.603943
815.859070
930.533264
991.064941
860.831238
765.023254
797.972778
725.373291
624.640747
645.786011
618.279907
694.830872
714.525513
550.468506
547.342285
515.968384
481.716766
489.718506
483.649414
525.105042
546.705994
691.142456
656.535156
520.846069
575.209534
542.319763
532.590332
552.107300
519.213501
625.494568
683.813049
661.877258
652.145630
556.036560
628.913269
581.465393
499.599548
562.645813
412.731476
399.906281
455.043945
496.248596
651.461731
550.009155
497.078827
699.250366
917.282715
763.522705
-429.633881
-1033.975342
-580.181274
54.900723
473.891724
569.321960
661.759888
837.611450
895.303284
831.833069
771.510010
878.754456
903.855957
736.004089
614.474731
725.994934
815.980408
789.533203
779.615112
823.838135
861.116577
831.911255
704.101257
682.048218
664.395020
546.409119
533.145874
554.863220
499.250610
454.033661
397.473969
419.164520
420.397797
407.138214
430.637085
324.824890
408.229828
485.627563
427.301483
426.310303
376.052979
382.255615
474.126801
550.515137
470.420776
292.605042
367.565918
414.671265
350.874634
426.243622
438.513397
464.078064
419.853668
424.521179
421.510223
329.916748
382.847931
230.549149
167.391296
341.169800
218.734634
216.341187
281.284607
289.268280
522.054382
730.559570
471.719025
-536.586792
-1094.294189
-746.348572
-17.147224
535.053040
698.956604
789.586792
868.570923
899.335754
990.383118
992.203857
985.001831
912.375366
964.881409
901.001526
997.381897
930.503906
851.645325
905.882874
946.654907
903.179932
901.674683
806.009216
718.111023
623.606750
617.350830
587.537170
549.151184
624.161926
600.928101
513.750793
513.236206
502.518494
407.943939
433.744446
443.716553
417.187134
462.261230
473.983124
475.789581
495.698425
497.867493
417.823578
381.331787
350.083923
372.932098
462.265259
433.611847
416.504730
315.321991
320.477051
498.643250
373.028748
247.403580
372.097504
308.129883
272.468353
388.642731
358.415680
398.100037
313.759827
215.945404
284.971466
288.499878
343.091492
246.688354
210.577362
316.678894
406.974884
638.463623
827.612366
298.479767
-898.998718
-1082.363770
-415.263702
109.459740
403.591980
608.000366
734.147522
727.399597
802.414307
901.083191
798.391418
703.944946
743.134766
840.286194
923.516479
969.937866
866.318176
807.029846
888.029236
905.119141
967.347046
918.240295
785.485413
683.512878
712.785522
681.226135
653.150879
642.053040
655.802063
545.771790
480.443115
687.534729
706.627380
595.024658
587.430054
545.567078
553.885864
644.545349
583.714417
546.920410
618.438965
635.179871
645.343567
636.204224
589.187439
565.536194
631.980408
574.155457
504.846527
478.647919
466.793610
564.794495
500.559418
455.026825
524.949280
501.320801
460.756897
479.124054
492.761383
533.256348
531.974670
480.897949
507.433533
393.282318
394.389862
488.721069
345.613525
286.204315
319.421295
312.518982
334.129242
434.278961
715.223572
906.272827
48.597546
-984.576416
-874.863037
-160.241013
546.206726
941.926636
944.706360
957.588501
952.195862
1049.005493
982.948181
946.255676
966.550903
981.052490
957.615845
907.055908
994.484375
956.578247
992.043152
1013.064880
924.328552
772.376587
766.077637
735.297424
723.829346
644.177124
501.185760
582.680603
633.557739
500.889496
433.763977
503.115723
405.403778
304.760559
471.071198
414.475128
322.211212
418.628479
435.953308
414.591278
402.151398
508.621948
462.274261
391.302490
458.517975
406.763489
363.983826
408.038757
396.142212
409.272888
476.427948
415.433563
368.964020
333.690338
326.760468
267.138397
216.396179
400.457764
431.264587
365.554321
345.635223
314.722961
425.593933
330.694824
225.382477
321.185699
217.020676
181.765671
146.564163
102.592224
317.346680
325.898743
205.021667
426.570892
777.411194
303.060974
-938.604370
-1214.649170
-661.154175
8.767829
540.303467
600.070374
532.550781
606.723755
727.944946
814.646973
807.280884
823.520874
837.095215
921.627380
883.409424
790.848328
870.748291
904.480408
996.097351
945.620911
856.563721
887.502136
923.007874
800.144836
727.238525
775.072937
767.683777
658.693604
587.482788
631.827148
605.435974
548.928772
663.098816
716.973999
672.806885
703.099792
679.006409
564.550354
584.681641
655.302612
560.149841
635.643127
765.490906
715.218445
702.413330
713.146240
659.222839
541.023071
437.966125
514.204468
645.764709
556.575867
600.084473
662.294495
581.066040
696.923950
615.752502
568.532349
746.407593
565.338562
434.742798
514.113037
476.360992
502.192780
508.957428
461.809753
447.220703
518.265808
708.449524
937.296814
796.227783
-236.404785
-977.635437
-708.059875
-171.373978
380.758118
604.794922
607.848877
644.378662
659.276917
623.716125
546.791382
598.471375
663.014771
677.706299
586.490295
501.283539
649.674255
706.261780
638.291321
673.551208
667.797241
550.754272
495.433167
517.594727
481.668854
393.186768
390.418610
422.306519
417.056763
294.223694
242.649551
358.592316
307.637848
250.746933
234.835449
243.976624
237.114563
244.200058
361.914429
308.174316
333.037964
361.560760
197.927750
218.749847
244.484314
252.205841
318.096008
199.671768
137.859543
220.933090
224.754654
128.950958
150.902405
264.483612
293.745026
250.505478
149.418259
130.028214
212.197266
181.668686
-10.712148
21.556742
139.245239
108.048660
78.721436
57.506203
130.083069
157.898392
247.757462
547.005493
523.690674
-408.204865
-1228.282959
-981.948914
-261.207336
306.424561
696.936951
805.905334
843.896912
947.159241
938.552612
961.322693
999.712769
966.680054
936.858765
915.325134
956.941833
981.796387
937.302673
985.298523
1038.025879
957.586609
913.223877
846.065430
764.903137
687.459900
593.640503
659.308044
649.954956
514.537231
569.672363
579.617676
501.807312
523.926941
486.015320
488.506256
462.639130
429.752045
479.511719
437.697388
494.911438
588.359558
639.901489
567.494873
545.042358
620.295166
574.710754
642.659973
554.723572
395.931793
451.655945
428.149872
420.190063
475.526001
512.367554
488.090210
436.516327
575.794617
603.291565
532.903137
531.853027
521.626770
471.486206
413.126312
553.684021
531.365295
413.529510
527.722717
471.734802
413.298950
448.358490
462.861359
765.630676
986.343445
325.769836
-838.164001
-973.230957
-347.029968
182.560547
537.116943
733.437195
729.097412
662.605103
721.941101
822.215942
802.636108
791.194031
722.669495
733.389221
842.463379
796.887390
886.968079
858.956421
726.179749
829.276733
777.802490
802.973328
838.709473
652.276917
567.066956
622.268250
589.197205
509.271332
676.907166
595.407715
472.901855
628.710571
639.809875
581.591064
533.469360
559.040771
525.490845
412.252991
490.612091
671.777710
676.226685
557.243713
534.982605
551.722412
525.817200
602.373901
663.803467
581.557495
520.183716
497.187286
500.877289
531.926331
489.809143
525.790161
650.498291
562.717834
514.454956
635.678467
605.660400
392.185547
264.521606
370.821228
385.424622
421.083923
611.418457
453.988464
317.488953
531.501221
798.639893
916.305115
87.315605
-969.629883
-818.826721
-319.843567
66.301620
537.358765
618.646606
529.971741
561.232422
466.095093
462.015289
546.496399
460.266907
553.062744
603.492920
537.063171
579.655334
471.046356
391.709198
500.589844
533.720642
498.735352
428.859497
373.633423
364.083282
96.096611
29.603056
318.299927
216.571167
88.173439
258.761597
237.280396
153.881531
95.930527
3.544508
74.731819
128.434143
85.588173
92.373489
-56.644722
-220.240219
-104.880043
-131.440002
-284.042389
-174.333008
-163.097717
-261.932800
-301.175507
-228.867706
-51.307720
-165.673141
-166.528168
-126.708954
-159.253174
-77.774170
-111.120911
-79.193893
40.019646
53.750393
-32.456985
-9.549568
-17.171059
131.269943
455.228851
569.882935
179.304550
-726.003479
-990.038391
-642.926453
-96.219391
515.269226
740.261902
763.807922
768.046997
638.023621
782.199341
970.894531
951.608887
910.555847
839.908325
888.584961
931.525696
808.372498
849.510925
883.997803
799.705200
763.485352
816.394897
732.616272
687.757629
618.555847
501.306183
552.586121
577.997192
502.936707
444.341980
417.899475
431.957581
513.251770
503.483337
559.456482
664.851563
657.889282
622.594849
650.753723
653.505249
559.288208
580.859802
600.703125
790.534546
806.621094
627.371338
857.327881
905.695068
819.482605
781.441345
615.948975
662.253906
748.256775
597.791443
542.593811
570.820374
490.455536
524.055725
476.620361
355.753937
565.691956
803.872253
934.058899
560.923340
-675.394409
-1050.105347
-657.259033
-165.009827
562.473511
744.036682
877.460693
994.150574
598.374329
454.103394
695.361450
676.503174
593.712036
432.208832
594.771729
823.302734
569.284302
735.943115
883.830627
693.395569
825.094971
983.364868
910.157410
707.365234
676.472534
706.068298
564.199158
400.958466
215.098145
127.202293
387.029968
435.559296
73.717545
43.172016
175.946304
3.030512
-111.202324
-80.953667
-225.073074
-267.843811
-278.042511
-448.340179
-612.432922
-718.920166
-704.846375
-321.698639
145.792175
31.000599
-247.670456
-273.290405
-389.237915
-967.833984
-1115.272461
-791.629822
-962.428101
-891.495667
-487.307678
-558.650330
-349.022797
-253.749847
-279.809784
162.498291
228.085953
-234.065369
-827.286743
-932.332153
-310.247955
349.301300
603.233459
561.949585
577.296143
644.382751
789.860779
911.955444
943.217407
1001.789063
897.516357
905.039185
962.372742
927.398376
1102.214600
1246.852173
1506.723633
1376.280762
1050.293091
869.194946
695.162109
528.002686
367.528656
213.555847
65.903931
-75.603622
-211.139648
-340.873291
-464.970093
-583.591980
-696.897461
-805.041504
-908.175720
-905.803406
-990.003662
-963.077759
-928.402710
-986.899780
-938.121887
-985.383423
-927.069458
-965.055603
-900.787109
-931.136169
-959.658142
-986.412476
-910.311584
-931.364319
-950.979187
-969.204651
-986.088013
-901.507935
-914.410706
-926.227112
-936.995483
-946.753296
-955.537109
-963.382446
-970.323853
-976.395142
-981.629089
-986.057556
-989.711792
-992.621887
-994.817383
-996.326843
-997.178101
-997.398193
-997.013489
-996.049500
-994.531006
-992.482239
-989.926575
-986.886841
-983.385010
-979.442566
-975.080383
-970.318542
-965.176697
-959.673828
-953.828308
-947.658020
-941.180237
-934.411682
-927.368530
-920.066589
-912.521057
-904.746521
-896.757324
-888.567200
-880.189453
-871.636963
-862.922119
-854.056885
-845.052979
-835.921448
-826.673218
-817.318604
-807.867676
-798.330139
-788.715271
-779.032104
-769.289246
-759.494995
-749.657410
-739.784119
-729.882568
-719.959778
-710.022644
-700.077698
-690.131165
-680.189026
-670.257141
-677.159973
-691.763855
-711.975098
-905.109924
-980.635315
-964.493042
-950.020996
-979.601807
-936.527649
-647.042847
-572.557922
-1521.711792
-2152.778809
-1680.465942
-1042.328125
-244.166321
321.185669
442.461365
516.331177
473.696106
686.612061
921.867371
950.746277
913.053040
931.850586
914.511658
890.451843
1112.122925
1144.218018
913.627136
886.380737
859.536987
848.510071
854.317017
829.825195
751.881287
685.714905
716.281982
708.366272
682.464539
721.170349
583.151306
489.221283
603.509888
643.762268
607.617981
497.999390
351.896240
333.587646
279.818604
200.560623
186.192001
12.906400
-100.282585
-65.843796
30.106602
128.294128
116.449394
105.658546
169.164749
299.098389
189.588135
60.890800
266.489380
247.150146
-12.460380
75.279739
218.450790
225.872147
400.620087
722.228882
910.972900
-25.052525
-167.334869
-139.132065
-112.027321
96.180687
520.353394
649.309937
888.747559
972.767761
939.346375
894.903748
874.522095
986.994141
918.495056
731.610229
800.935669
817.318481
642.229858
517.796082
612.431030
726.068420
627.307129
566.483276
468.016510
305.789307
213.058319
62.931667
10.260048
10.573971
-148.091003
-172.251602
-194.819504
-244.078827
-268.694031
-371.582703
-424.382599
-572.704468
-564.744202
-528.997192
-612.373901
-518.803223
-554.969421
-688.172424
-619.651611
-588.134827
-632.271729
-584.680176
-727.177612
-794.712219
-670.916992
-703.336975
-663.297302
-726.229431
-800.252502
-649.958740
-520.358826
-465.093872
-375.180420
-40.944122
204.066147
-410.743286
-946.801575
-918.139282
-890.129089
-666.040222
-112.197533
138.806992
40.445568
178.927567
199.624985
132.462845
338.364014
329.667938
110.318535
176.095367
357.910706
294.997162
238.933792
367.396576
514.457825
474.165924
369.794525
413.117889
423.430695
342.719849
308.561523
347.496429
357.109161
131.595291
16.720236
-95.504730
-280.047516
-304.486420
-562.589233
-526.072449
-483.063324
-661.170593
-564.499878
-699.449219
-710.984131
-603.758545
-653.438538
-652.192139
-512.680359
-465.847534
-682.782349
-433.600342
-372.614258
-559.882385
-381.561005
-491.414825
-564.498962
-472.029236
-481.047302
-346.423553
-264.850159
-283.565582
-223.775024
-129.938507
188.043915
502.634491
-37.232620
-1024.922485
-876.812012
-668.837402
-153.435349
221.156479
462.523468
615.176147
841.369568
779.819275
990.202759
1053.003052
864.374695
892.845398
956.753784
907.015381
910.770752
1000.484924
935.668762
771.168030
909.356262
796.038391
684.571167
966.382324
807.600464
569.964783
779.116821
572.250244
436.769531
513.758545
370.450806
459.667145
511.831940
593.979431
584.591919
433.974457
543.095581
455.650879
380.468872
481.805969
503.209412
527.598328
509.185669
445.801758
393.320221
569.067261
518.436646
403.595306
540.290771
442.432648
512.835022
490.569855
280.618652
334.207336
280.285370
239.985626
222.620117
127.549232
52.605350
-41.099026
230.172546
576.550415
599.479309
132.949158
-162.959641
-138.945236
-115.853584
-93.659836
-38.970406
200.134384
293.029877
235.268295
274.515686
343.591980
328.372681
335.731262
461.868011
505.700012
311.360046
270.788025
407.053986
374.078857
170.515808
279.762207
527.541870
341.494354
214.925720
150.947281
109.812698
164.557800
153.877777
287.754852
387.024872
334.059998
220.199219
308.651581
447.376740
449.266479
397.244720
371.870239
512.957703
753.643677
790.246094
617.488342
774.385376
688.304321
645.717407
946.167236
708.314392
653.896362
768.780701
691.084656
616.797485
786.455627
1039.578735
853.903564
806.880371
966.927795
785.698792
763.828369
682.729492
206.309586
11.445045
-321.707581
-568.390686
-434.055420
-559.643127
-752.529541
-819.035522
-976.728638
-961.517395
-887.384827
-495.876740
-240.502670
-1144.491699
-1207.903931
-970.216797
-857.636414
-242.028503
330.854187
401.383881
547.826355
596.005920
880.355469
1082.374390
812.253906
886.982178
961.161682
710.268311
760.042480
746.604187
792.433289
985.747559
789.483887
702.360657
778.382141
871.397888
765.488281
616.714600
692.899170
525.710693
386.151917
423.444916
370.675446
493.701447
470.454346
294.825592
472.525970
439.418701
475.817108
463.684082
262.231903
498.856934
339.391968
176.574188
430.878571
382.974121
286.031586
234.084808
312.542297
228.000259
11.533580
199.716949
220.223450
76.388695
-141.201477
-295.552551
66.148239
87.931229
-150.287842
-111.247612
-295.022644
121.326683
-1115.039429
-935.119873
1629.701294
672.251282
-1044.837280
-972.142212
-908.834290
-815.127991
-724.859314
-637.938232
-554.276489
-473.787537
-396.386566
-321.990448
-250.517761
-181.888794
-116.025391
-52.851093
7.709010
65.728233
121.278343
174.429565
225.250641
273.808777
2556.009033
3278.862061
2536.827637
1924.658203
1422.032227
953.589966
587.089539
308.928314
46.324787
-314.497864
-636.749512
-815.680969
-924.184631
-1019.636597
-1005.027649
-1148.992554
-1198.978271
-1153.938843
-1108.821045
-966.581970
-1288.789673
-1119.261597
-754.766907
-917.485168
-823.303528
-706.673767
-801.891724
-558.293396
-418.636871
-440.939606
-94.057289
13.402584
-149.225677
-146.830917
-134.530609
-247.538345
-210.059662
19.259468
-39.522087
-172.863235
-111.952240
-226.346329
-153.911728
144.654877
-99.452850
-284.523560
-288.762909
-572.601379
-637.243713
-477.611298
-391.027985
-444.480865
-417.548218
-447.149414
-589.481934
-643.348083
-695.559998
-681.926575
-888.807434
-936.018066
-614.228394
-605.961304
-614.378113
-532.812134
-349.725250
-7.519986
-749.249817
-1737.549805
-1455.174805
-908.637756
-306.446259
243.761948
448.620697
613.921509
708.181824
728.046936
643.669739
503.082306
559.574524
835.539368
1228.874268
1033.614502
870.030823
1570.593384
1744.734985
1472.970093
1382.571045
1064.958862
989.002014
970.577148
921.094055
740.223999
616.585388
439.651764
287.909454
317.262421
338.773682
156.606308
27.054459
127.205963
-71.649544
-355.639679
-644.372803
-723.759338
-330.307678
-416.661346
-948.195862
-931.072144
-171.593582
-722.874146
-1284.578979
-271.395477
85.338486
164.100708
222.766785
54.519180
345.726685
349.691254
417.569794
451.645721
123.087395
9.028599
187.756256
64.388939
324.862274
1065.537842
902.752930
848.337708
795.694824
744.781494
695.555603
647.975952
602.002014
557.593994
514.712830
473.320099
433.378296
394.850464
357.700378
321.892548
287.392151
254.164993
222.177628
191.397232
-37.587311
141.798416
-1642.609131
-2155.217773
815.913513
1218.252563
1230.867798
1123.621948
1168.347168
509.469269
-72.259155
1448.095825
1230.912842
928.843872
-222.402176
-129.445465
-956.978149
272.225708
-1051.880737
-1966.035400
-1377.966064
-901.864990
-577.190186
-265.768188
32.770046
1386.218872
2842.838867
2112.018311
2590.065918
2558.058838
2082.353271
1683.377563
1349.658081
1071.357056
933.384888
800.633728
672.964050
550.239319
432.325806
319.092346
210.410583
106.154800
6.201892
-89.568657
-181.274826
-269.032043
-352.953308
-433.149139
-509.727692
-582.794678
-652.453613
-718.805542
-781.949402
-841.981812
-898.997253
-953.087952
-903.909790
-947.568604
-988.833130
-925.001099
-958.032043
-989.107483
-916.461731
-941.079468
-964.104248
-985.588928
-905.026794
-921.729309
-937.181946
-951.427734
-964.508728
-976.465942
-987.339233
-997.167480
-905.389832
-912.455750
-918.680847
-924.096619
-928.733704
-932.622009
-935.790466
-938.267456
-940.080383
-2609.115479
-2105.102295
-1683.832153
-1332.804077
-1041.311279
-889.103027
-742.738342
-602.059937
-466.913605
-337.148438
-212.616547
-93.173126
21.323616
131.012466
236.029266
336.506989
432.575714
524.362732
567.390686
499.327362
563.469421
825.371765
812.354004
793.959290
939.181824
950.946472
878.660645
925.625000
985.245667
955.325684
933.658875
984.873718
890.528015
910.434204
967.590088
981.325073
987.744751
855.556824
832.684082
913.498596
904.363525
822.088806
830.777649
860.205322
877.610229
730.739807
783.854492
954.728516
818.508972
931.844788
921.398010
779.530945
636.328491
510.991760
371.001678
243.912247
711.891296
929.055786
178.756454
-40.136436
-30.443556
964.792480
1270.481934
986.439514
597.762817
652.234924
943.864441
727.973816
673.495483
738.868774
652.260742
302.832733
76.181068
-96.123260
-385.250549
-252.974609
-107.894112
-398.681885
-789.588562
-771.885071
-656.355896
-804.728699
-888.272217
-1097.339111
-941.968628
-431.515594
-647.985413
-962.668274
-866.601929
-710.588989
-899.426636
-796.673035
-687.858765
-804.258301
-771.220520
-739.105835
-707.894714
-677.567993
-648.106750
-619.492310
-591.706299
-564.730652
-538.547485
-513.139282
-488.488739
-464.578857
-441.392883
-418.914368
-397.127106
-376.015137
-355.562775
-335.754669
-316.575592
-298.010712
285.857422
-98.288124
164.711349
-30.735001
130.830933
-188.338623
-259.308929
-209.269394
-220.679657
-213.615631
-198.803284
978.979431
1430.329590
901.875244
616.869080
325.117950
160.585373
365.906036
825.718567
1136.648560
440.635315
-1100.483276
-963.021729
-830.742065
-703.506226
-581.178955
-63.286522
20.543924
-275.351776
-170.418701
-69.778503
26.688519
119.099533
207.569229
358.649536
537.872070
994.444519
813.418213
548.790161
617.197632
682.371521
2012.683472
2823.025391
2078.811035
511.113617
834.276001
1193.208008
917.905396
833.780090
807.200134
481.585419
-134.289291
-424.505402
-951.940613
-1246.733643
-1840.732300
-2103.204346
-1557.113159
-1235.619507
-999.680359
-427.409943
-1063.624268
-969.339966
-794.158752
-1096.497437
-207.350281
1776.264282
1342.006958
1029.453979
973.191711
767.323242
458.457336
300.868317
342.386658
132.902374
74.999229
244.188370
297.195587
288.296417
278.402802
188.306671
66.918777
-49.425312
-160.867355
-267.546112
-369.597351
-467.153931
-560.345825
-649.300232
-734.141418
-814.991028
-891.967896
-965.188354
-931.289307
-990.730408
-942.381409
-990.418335
-932.266785
-970.887878
-906.580566
-937.447693
-966.462341
-2656.301270
-2167.758545
-1757.598022
-1414.136719
-1127.352539
-987.397095
-852.713318
-723.160950
-598.602417
-478.902954
-363.930542
-253.555908
-147.652374
-46.095932
51.234814
144.458725
233.692123
319.048828
400.640259
478.575348
552.960693
623.900574
691.496826
755.849243
817.055115
875.209778
930.406250
982.735474
929.057617
606.170837
390.816528
975.520020
965.191833
922.028442
918.301086
829.906921
914.941101
875.475525
813.539490
789.201782
726.964294
719.029297
720.586792
806.550537
590.439514
541.777039
773.762390
733.933716
940.152039
935.105896
937.039551
939.408997
840.062866
791.098633
953.009705
1024.211060
259.813599
-726.296143
-822.372131
-741.470764
-602.243286
-432.937012
-365.671173
-276.148956
-186.267654
-154.021667
-167.875000
-206.679794
-227.813171
-182.172791
-121.784882
-21.253016
35.587837
64.753540
137.171326
192.941406
236.133316
216.223297
201.289963
201.649460
139.466736
123.809334
106.971161
47.486904
36.919544
30.865438
15.456901
-5.111105
-56.988937
-83.925980
-75.001083
-57.502731
20.957020
71.771042
25.325220
33.626637
60.410786
50.248104
74.208755
94.940811
122.365768
164.462036
194.988052
206.672775
213.442871
244.716873
261.480042
258.564392
281.427551
315.622620
313.543274
315.157745
341.640442
304.373383
245.870712
263.400299
294.945587
268.322662
225.775665
249.732147
263.364868
265.962860
341.245453
546.737976
625.923035
55.572495
-368.202484
-253.246552
-45.594467
126.591339
209.665527
193.777588
166.907974
159.287109
95.637596
29.249187
15.035238
-32.559116
-66.310669
-66.106201
-63.988766
-64.700073
-61.070972
-46.504021
-45.634041
-16.542336
44.381500
59.768539
48.007126
85.135338
64.614182
38.162354
57.487019
58.760616
104.667137
112.202065
131.542999
184.051712
184.451523
201.782471
238.103409
275.360077
294.043060
282.431732
326.464661
387.428467
412.567139
435.122009
455.038483
451.593018
399.447052
399.643860
409.213165
374.192749
406.855225
447.317139
478.289154
522.824524
595.534424
647.755737
628.244873
653.449219
657.729919
611.638611
634.896484
649.571655
607.618896
558.337158
539.763672
547.845154
540.921570
586.065063
901.538208
1099.066650
346.230164
-807.680054
-933.960876
-565.537476
-240.556427
41.890556
158.781937
160.149323
160.766312
189.641754
141.434219
109.679916
89.496521
68.581398
87.875153
51.131168
42.124847
23.642023
22.648573
72.946953
8.798969
-4.630372
18.204884
-83.814476
-147.215851
-197.866257
-275.464111
-321.625854
-363.451599
-380.694031
-425.606262
-465.216736
-494.107544
-528.752747
-531.667603
-516.308105
-491.335510
-508.102478
-518.426758
-510.234039
-510.295044
-514.948120
-512.138184
-498.893280
-509.117249
-523.329102
-513.331543
-478.710449
-526.928894
-570.781860
-509.511627
-522.678711
-553.235168
-516.130188
-484.333832
-462.004333
-474.509949
-500.518097
-531.292114
-575.337341
-567.394409
-570.648010
-586.300293
-601.872986
-594.267578
-573.331909
-598.458618
-562.427612
-389.641602
-283.398071
-667.275330
-1541.642456
-1290.686890
-713.966858
-222.454330
99.236435
211.123383
316.405945
397.492981
442.234680
505.511261
587.434814
637.196350
672.961914
717.074524
781.137695
833.716614
855.304932
898.660583
948.745483
984.694641
916.453247
919.773865
920.703369
928.572327
922.203613
931.891907
942.051941
962.366882
980.360046
977.596191
987.210083
997.564453
901.764282
911.498962
923.896423
933.430481
950.163391
963.656433
978.697632
997.782227
902.712769
910.449463
924.159546
931.276611
932.490784
934.083069
921.249084
922.323730
946.612122
926.150146
909.397644
916.673035
908.906128
910.152771
904.799072
906.000244
937.111389
924.685791
902.369934
902.347473
870.777893
842.131470
827.296570
824.508606
814.892273
802.831970
790.498596
790.667175
792.328125
783.259399
914.331177
995.253479
697.137939
-126.819618
-412.847137
10.699089
388.717865
526.737610
556.284424
555.552673
535.848572
525.910583
516.731995
487.195435
471.301361
460.750580
433.547455
414.215240
414.355499
385.772552
374.228516
389.412781
353.749420
336.277100
323.996002
284.073761
242.307922
195.484650
179.513245
143.789230
119.483261
106.520027
82.474861
84.690712
60.264977
26.967794
14.765829
11.400909
9.962543
6.039180
9.954134
17.194439
-1.480750
-3.270857
1.677857
-25.726086
-24.572542
-26.171165
-41.787727
-33.572975
-47.818829
-57.107780
-54.083755
-66.270317
-72.021751
-73.725182
-71.967361
-86.999489
-100.573380
-101.479523
-89.560799
-75.996574
-65.942436
-56.807720
-67.170868
-70.188873
-62.911289
-91.152222
-116.273918
-103.977188
-115.584435
-107.935425
-98.212135
-112.796341
-121.922562
-109.383232
-14.791808
169.143372
126.208382
-610.589539
-1198.099854
-792.888977
-253.938751
207.026123
384.744873
467.409576
529.753052
580.864258
644.036682
690.108154
718.303528
761.678345
805.380737
841.304993
873.937744
911.881531
965.586243
971.863220
995.789001
932.814636
925.953613
922.889893
911.665955
910.823547
911.115601
902.934692
905.640442
912.292603
906.380981
876.007568
884.024292
897.331360
919.403687
935.820251
915.828735
939.594238
953.946411
973.819641
987.678467
906.836853
921.080872
502.226501
545.102905
704.159058
691.497864
533.228699
522.035706
719.310974
668.544373
344.425110
444.740295
479.735382
424.521545
531.042969
396.751801
424.596619
467.064056
480.766693
588.159485
548.204529
529.192871
435.378967
485.641724
732.320801
957.685974
648.453857
-512.170227
-969.387939
-480.803986
238.247757
743.915588
912.014465
991.958557
1048.869995
1039.207520
876.611633
998.727295
1008.243530
880.985596
823.656433
805.698303
869.537231
818.962463
866.270691
957.295410
889.457886
796.028015
715.953796
707.336426
578.623962
484.232941
535.198120
484.348480
380.550262
344.921722
305.829376
227.861740
213.727249
189.182953
180.132111
151.665787
112.859352
224.233780
225.056030
131.337540
132.222717
138.518570
206.157776
135.452255
92.093803
130.857224
39.729832
94.027695
157.018890
71.821823
16.887157
58.137005
118.118126
68.388596
-41.885075
63.006493
107.901947
78.468071
42.004692
-29.880909
83.284081
62.335495
69.531830
122.450935
103.593773
70.348259
-47.882736
19.364998
31.565096
-15.466969
81.291702
64.521149
26.696049
17.594576
136.097046
538.227600
480.074615
-565.535034
-1220.226685
-859.160706
-109.075867
382.677795
545.338562
668.657227
802.275024
919.331970
931.158508
904.363403
939.593994
819.757935
829.682800
925.959961
939.470764
880.903992
865.490051
916.973145
924.526367
893.390747
894.931030
815.720398
865.258911
846.065002
633.974670
681.090576
766.245972
667.297180
610.840393
700.256409
670.912842
579.243958
681.604492
707.215088
663.247986
623.325195
632.679749
677.143372
700.669189
690.109253
671.334167
810.081665
708.471985
607.766968
675.372864
697.502258
764.085144
638.828796
618.275574
625.160217
514.665588
538.054626
585.386292
573.954163
607.797668
694.530212
583.124390
563.566772
731.741760
617.984375
412.188904
504.603394
650.951111
634.091980
591.002258
633.071106
645.187378
529.476379
523.421753
518.921326
455.537384
536.198303
447.449982
359.940582
470.181519
453.310303
408.733673
402.883301
588.649048
984.004944
770.591248
-282.526764
-826.651550
-573.997498
-151.949615
263.387604
482.317566
589.741150
529.709534
552.027588
626.645386
591.651550
574.349976
583.629578
535.650391
537.547424
664.126343
456.304138
464.626892
682.546753
512.907166
521.154114
636.888306
567.762878
476.099274
377.683716
315.039856
393.745392
336.547974
286.743103
362.471344
234.237747
212.238632
280.745667
284.765167
221.737686
182.487671
244.103470
175.640228
152.479904
171.842819
203.526352
228.742599
202.727280
232.708282
194.018509
216.372055
170.832108
113.952835
93.473846
137.010040
252.638947
74.004669
10.443412
115.547585
144.961380
155.789612
64.021790
35.239353
91.617050
93.209839
127.840370
134.834366
66.202370
64.693977
97.624947
2.124172
17.600451
163.684326
45.500996
81.012459
208.762726
47.862659
24.072477
79.982193
112.501221
156.675964
173.902573
98.471252
48.963943
235.414032
116.519485
-22.738691
75.760590
27.710064
111.846161
16.673075
-60.811932
58.717228
-44.366787
14.985985
237.674545
525.609741
39.505245
-993.049377
-887.462524
-284.661499
58.194744
550.994080
847.734375
933.327026
952.490356
993.823059
1120.953735
1095.146118
896.350769
951.596924
1053.054443
922.471924
874.460693
837.826233
973.881592
940.136841
712.657898
798.337585
891.393982
730.244446
636.739136
587.965820
578.136902
586.388367
639.083679
568.738525
525.377014
625.897156
568.490540
535.733337
504.386658
451.347290
506.820221
542.818298
549.500610
611.917175
490.497253
418.590881
577.294800
515.528015
469.095032
501.610565
539.933289
550.547363
476.770844
458.287994
407.742889
441.941589
397.817322
286.175049
493.042908
506.301544
371.154999
421.497253
383.502136
392.994659
343.511078
308.262573
371.994110
370.367889
448.053436
366.126343
271.100555
381.332825
363.908875
359.574280
332.741272
268.265991
416.524109
448.806366
320.807892
307.227631
299.828186
389.889008
407.533813
349.122955
502.635345
461.421478
377.384857
354.687500
189.094818
215.005219
384.889618
463.931610
483.432281
531.074158
435.876465
456.522430
764.075989
957.061157
669.668884
-372.563873
-888.878601
-628.452209
-143.717972
179.586990
267.669281
435.340851
428.256775
343.601044
208.273361
233.056839
328.659485
138.021790
-29.269541
-31.832436
-70.237251
-266.459015
-238.135727
-93.511421
-187.038879
-140.431824
9.344076
-113.365288
-145.159409
-160.508667
-358.993591
-420.881775
-568.503052
-465.950256
-398.751953
-658.710571
-599.059387
-479.440613
-574.977539
-601.373291
-552.426147
-941.687683
-1163.613525
-1023.902161
-908.301270
-721.981750
-489.201263
-458.564728
-463.501617
-211.546616
-93.934479
-332.629364
-399.212036
-323.584961
-315.041473
-288.982239
-228.261917
-237.493332
-298.147156
-278.500000
-388.863678
-495.000458
-375.777222
-338.248199
-318.937836
-214.119049
-205.454605
-231.295792
-251.226395
-225.988663
-252.010605
-333.761902
-354.980194
-353.648346
-345.618713
-461.576447
-512.415283
-465.550812
-448.482452
-432.578064
-453.169220
-207.346436
-37.716465
-203.841644
-316.732422
-327.555969
-209.631012
-98.222404
-67.838615
-56.521553
-18.459385
74.003586
264.659241
597.109619
555.179382
-273.133057
-686.714905
-630.632141
-313.331787
312.281158
871.505493
1317.140747
1408.617676
1062.746582
845.105286
564.526001
346.743652
271.083069
175.426346
128.959946
125.618523
163.508362
93.392235
83.275871
147.172806
-89.029877
-405.148071
-460.368927
-491.642273
-729.414429
-685.029419
-696.136230
-850.504089
-742.805176
-805.302368
-893.200989
-908.798645
-847.430359
-790.904358
-860.668640
-701.120056
-627.150085
-564.537109
-540.476318
-575.354614
-678.692261
-680.027100
-537.056702
-611.918274
-577.495422
-498.551758
-531.596863
-526.613770
-637.167114
-594.445374
-425.625793
-613.028381
-787.526123
-609.918091
-557.386353
-629.951965
-546.565735
-516.742798
-446.425018
-344.639648
-362.553436
-369.851166
-260.830872
-222.331741
-352.516846
129.790878
351.635101
-281.395416
-518.205261
-509.321259
-501.670258
-405.672852
-511.996094
-448.327728
42.201130
505.230499
155.890182
-758.019836
-611.542114
192.040009
584.992920
894.012634
643.579773
-59.556854
-309.268707
-449.156250
-581.931213
-589.331909
-580.864929
-410.100281
-398.629608
-302.379944
-64.733368
-52.541615
81.504860
20.278614
142.431625
549.191223
298.746796
268.178589
475.959717
197.338593
-122.847557
-449.566406
-841.141235
-986.659851
-920.662903
-974.954651
-923.265442
-760.355591
-796.650940
-871.190796
-819.396118
-615.041992
-661.754456
-722.187622
-461.859100
-405.173218
-380.284271
-248.843491
-262.150879
-343.484436
-218.153137
-133.430786
-114.464188
-95.476715
-297.070038
-7.757654
-72.076454
171.474304
1800.235840
1663.948242
1278.493286
961.059692
778.841309
603.789185
72.559669
-539.799194
-789.838806
-1202.354980
-1293.216064
-879.355469
-312.767456
-36.316971
47.630676
-655.082336
-1536.690308
-1178.340088
-482.990295
76.159302
425.701294
86.691910
-544.080994
-864.010437
-798.482483
-625.763794
-713.953186
-785.864197
-591.851257
-627.842834
-683.640564
-438.610687
-422.049194
-462.510620
-180.662613
-103.347130
-75.422981
33.201565
-81.241234
-105.313408
-10.103209
184.907791
280.734741
187.371201
151.579041
314.990967
193.692398
70.815788
653.528076
401.144073
469.062866
1074.127075
386.743469
397.781006
1288.306641
1041.954590
210.890976
-301.272369
-664.752197
-934.163269
-993.430054
-975.471313
-983.660034
-930.230408
-852.104248
-978.928223
-1067.572876
-1073.128784
-985.783508
-968.806091
-948.525635
-901.789368
-860.030396
-713.095520
-861.427185
-987.587341
-943.905029
-930.985901
-720.017273
-478.438690
-584.118347
-1706.341675
-2051.749023
-1608.453125
-539.048767
1404.680664
1421.807251
527.229797
79.554199
-276.796448
-413.749603
-680.616760
-61.967583
598.294678
660.492371
632.578308
-372.977081
-904.846375
-683.660889
-261.644989
709.920837
1018.941406
741.783020
610.102539
406.886078
151.860809
94.317017
-106.478928
-313.320648
-399.912567
-534.769287
-753.728882
-926.114136
-992.471252
-1008.873230
-1012.492371
-1003.584961
-923.835876
-822.399353
-912.866150
-992.879578
-901.176208
-919.525940
-906.086609
-950.684326
-941.104797
-861.250183
-916.109924
-894.999634
-924.666321
-914.299622
-771.031250
-867.932800
-877.566650
-848.153687
-866.129272
-935.060547
-905.841736
-682.826050
-803.032349
-769.131714
-644.866699
-642.586670
-605.484070
-485.478455
-251.489639
-976.704041
-1722.765991
-1101.880981
-346.074738
297.893860
768.780518
975.028442
922.864563
931.727051
958.968994
996.665466
969.154114
932.880920
881.228699
901.910217
916.215210
931.871765
966.086975
948.033936
905.268982
845.501526
802.280762
823.006958
796.905396
782.982300
749.816406
587.341187
634.403076
678.726746
571.956665
629.769775
584.199829
562.385864
599.045410
535.616150
447.786224
322.230804
500.003021
661.517456
641.348755
621.044250
554.585938
600.336792
645.904236
608.308655
567.234192
536.592957
472.350372
595.137390
708.304077
617.198242
634.665894
650.425476
607.957886
579.303467
533.309875
438.915039
447.721588
531.054871
417.296326
442.724762
512.501160
446.886780
502.472656
675.344666
994.036072
339.055511
-990.824829
-949.365112
-408.619324
247.592331
510.456512
622.883911
675.262695
708.285339
805.314331
675.177917
650.883301
850.585144
944.683594
804.127808
741.870911
959.546570
963.164978
870.459900
901.808472
929.871582
958.558472
819.709351
673.220520
702.089111
628.833313
581.989868
433.247437
393.331726
381.052277
364.458984
441.908234
279.606598
333.292084
451.806335
239.461014
298.189178
360.672760
249.922958
285.802521
279.828278
267.663574
264.362579
258.741669
265.808472
244.488388
166.258438
216.377457
236.604965
70.386375
190.737366
278.778656
176.881256
199.507996
192.209702
206.999908
135.219147
-34.640095
-16.926052
105.630867
120.195625
45.263287
-0.657151
62.563675
173.915070
415.858185
628.569824
-337.299774
-1277.339233
-946.806396
-405.905029
354.505066
812.019714
903.708923
930.553589
989.595337
1060.177490
924.231567
904.414551
958.174316
824.787903
934.293701
954.687622
838.656799
927.199951
994.721863
901.834167
932.003113
928.656372
707.057922
552.034363
648.677979
642.840332
545.419006
612.414307
663.780579
540.943420
511.354614
381.426849
275.622955
446.894745
447.106964
368.116211
416.190826
489.756439
463.605042
332.727264
351.602539
339.095520
269.880371
397.912292
443.120331
275.648499
87.452133
100.668655
94.510689
25.669458
192.354538
220.976395
216.989548
239.986420
219.903915
348.407349
293.899414
127.439896
114.527031
167.092346
64.849762
-124.743217
-122.297775
-85.795509
-143.051453
-66.976044
243.570923
486.894745
-162.949158
-1239.501465
-956.868591
-549.016907
118.744644
518.999390
608.370789
661.342224
870.480469
1103.600342
1075.496460
921.315430
1037.017700
1043.468262
946.917175
968.280029
940.102722
963.807800
980.029541
927.671204
785.780945
665.734741
693.295471
662.019470
613.942749
446.762207
445.873383
440.214661
329.433380
235.552383
118.665527
103.693497
52.661079
-18.850260
-3.140677
57.769417
17.300827
-23.544559
-57.437321
-42.645584
-41.084553
-146.692459
-38.194023
26.708099
-16.489370
-16.701527
-110.131516
-151.605240
-120.002060
-118.807777
-82.938744
91.347580
55.435871
-60.292046
119.835320
157.794922
89.093384
99.872505
-10.878935
77.942139
213.663086
41.546467
39.456398
85.915771
30.927624
58.614807
139.836563
367.421112
542.415649
-261.326141
-1385.009521
-1179.164795
-533.605347
-83.282608
233.364761
310.794067
579.931824
674.489136
614.417480
892.995239
922.053833
921.801086
964.899902
981.999268
1001.664246
950.408447
933.464111
959.791382
909.223511
857.758301
865.831970
916.098938
785.724426
726.123352
820.314697
1060.586426
1232.796387
1088.652832
926.798279
759.816650
641.765747
612.221436
471.581177
196.350800
279.605774
267.942047
23.410490
134.030975
97.798218
-63.491810
-122.063698
-371.394318
-431.504333
-449.405609
-595.672974
-606.463074
-612.435974
-677.959229
-706.844727
-745.390747
-852.947510
-811.199097
-642.644897
-690.391785
-874.580994
-940.478271
-914.119263
-869.109314
-917.537048
-989.677734
-966.339661
-913.799744
-854.669312
-969.190674
-985.249756
-868.751709
-747.741333
-587.825989
-431.926697
-1142.912231
-2025.715088
-1659.010498
-851.479553
-160.429001
320.231781
522.519653
530.954346
718.978271
917.880493
991.572571
1011.996948
1128.255859
1086.485840
985.585449
946.306396
1009.050903
946.544495
904.200684
1006.735779
995.125000
842.221802
873.566956
881.419067
819.227783
934.004333
917.168762
820.995911
677.873474
533.588745
571.344299
407.111420
260.566895
266.326843
188.218643
203.667892
140.437149
-212.127975
-330.645386
-229.745590
-381.605347
-471.371399
-529.313721
-529.246460
-544.758911
-666.992126
-598.578735
-570.822205
-545.201660
-554.743347
-581.866882
-474.986084
-527.313904
-658.243103
-575.462646
-518.390137
-490.493958
-390.401428
-462.308777
-563.760071
-640.729797
-586.860107
-494.775269
-446.880127
-334.612885
-302.339142
-207.754272
-153.990570
-237.446808
-308.632507
-215.691605
-181.721405
-349.788635
-392.755432
-362.767395
-167.689423
106.042923
379.659790
153.748703
-989.881348
-1382.021362
-803.179016
-93.351875
555.525146
948.269714
1041.545654
1011.329956
986.962280
988.507080
945.585144
912.996155
944.699524
974.989014
979.438904
1026.605591
1034.461670
889.567261
945.227234
980.336121
903.064636
901.711121
883.056763
912.036438
876.671814
788.043457
761.717163
897.716492
917.906311
778.908020
854.383789
995.346619
973.988770
865.920898
868.063843
927.882751
832.942261
816.583679
950.838013
979.331970
967.241455
961.293518
885.623291
828.097900
901.960999
832.083130
655.803955
736.949280
809.864685
801.630188
755.232178
716.749329
786.518372
678.043457
652.962219
700.298767
607.814331
631.853455
597.180298
649.639771
709.193359
628.767578
630.649963
526.561951
516.947327
565.800354
529.847290
511.334930
523.375610
518.855896
467.522614
510.878418
606.543762
709.909546
656.433899
565.192993
655.574219
619.952759
434.708771
410.814240
455.937164
433.205170
395.960632
374.827057
389.008545
369.024445
326.624084
723.159485
944.891479
13.376336
-953.849487
-900.071655
-300.866638
226.610611
495.677948
529.603760
612.100281
746.461426
683.227600
649.957092
686.252563
660.123352
645.030640
628.810608
630.729187
637.418640
630.959961
662.394714
683.185059
639.393799
556.874146
528.652039
437.126892
411.132416
394.315918
259.219177
377.938019
348.960327
262.853058
347.608795
128.851868
156.438736
292.892303
103.177338
178.142792
254.313522
216.309860
252.481888
183.474899
147.600357
61.398369
10.077812
47.983208
35.757118
2.751436
48.231136
129.836777
-3.142316
-52.549370
-15.222878
-139.365952
-110.201080
51.494225
6.052023
-95.655296
-69.337807
-110.102592
-124.209366
-160.355377
-215.654251
-188.804626
-194.095413
-102.854492
-110.731087
-148.922134
-73.277885
-136.176620
-187.517120
-147.182663
-125.866058
-93.985054
-105.356056
-87.449142
-45.892666
-84.020271
-83.337669
-124.636703
-98.110199
-95.459763
-234.734848
-282.746643
-218.343887
-290.970703
-410.122314
-317.131714
-249.415222
-196.514618
-53.431427
230.073807
-225.355194
-1271.562256
-1280.515137
-584.233337
139.310272
558.105835
730.044739
906.543457
985.703552
936.297852
906.122925
909.049377
923.652039
934.970520
908.698425
866.034729
894.067688
952.298157
881.572571
929.342896
965.117432
932.467285
900.419861
876.514343
812.876221
726.891235
634.184998
672.275635
562.972961
555.898315
707.149963
633.833618
612.232544
507.164856
548.066101
653.217468
505.710541
556.617065
550.091125
462.372223
582.866882
660.983154
567.272522
513.743408
546.244568
558.148132
537.254700
520.709412
549.924744
501.977020
461.742279
528.103149
508.737946
411.132202
439.164886
546.540527
513.942993
412.737640
424.026611
390.316315
374.514160
488.385010
364.088593
356.180359
502.211792
430.737915
391.963745
424.842987
456.599396
366.092163
343.923553
395.191254
392.065277
336.586487
285.351196
352.330933
307.135590
315.749847
425.625305
712.428162
722.289917
-259.851532
-919.073425
-627.999878
-165.763428
369.643463
873.085938
858.058655
929.513977
1036.360474
879.199768
968.342529
998.779480
899.893066
904.867798
893.051453
961.229065
967.016541
976.102539
847.969910
851.661499
956.321228
889.479187
804.710510
775.470215
829.652649
800.530212
622.630127
645.302490
672.166687
520.381531
552.422485
556.323364
462.160187
464.811676
511.108795
497.445221
489.434143
513.461304
484.224762
450.516266
496.339783
611.705078
568.410950
463.825287
468.499146
514.013184
544.079956
408.076508
422.802368
591.047729
379.365448
322.704468
427.302673
354.324615
409.482788
444.012634
373.825714
244.217148
281.777863
434.225281
479.413269
504.796844
443.943909
379.250244
417.445923
353.894073
284.636871
301.876862
254.284225
294.271240
333.722321
361.642731
241.287491
254.914154
556.460266
764.236145
476.565247
-681.102844
-1070.149658
-577.873535
-1.429507
436.008240
609.002747
817.645996
819.685608
823.599915
877.763733
943.414734
919.745667
793.602783
956.430115
909.400452
865.304932
936.747681
990.867004
958.591125
965.957947
818.409119
702.182861
786.587280
742.173645
587.059753
690.377258
771.359802
671.934875
589.596436
553.133789
601.216309
557.244385
533.930481
607.408569
461.607117
498.370728
622.351379
553.756897
600.090393
592.682068
574.236450
605.153992
578.013306
481.818665
434.175964
571.127869
624.420410
526.335754
485.160522
513.323547
562.794434
544.463196
415.921295
439.524292
507.314606
427.731323
438.158875
517.793152
523.549377
429.510529
460.292542
547.734924
450.241394
379.146790
340.288818
334.222717
363.223389
332.478577
324.033356
231.653046
183.512436
502.846283
698.808777
808.862976
418.663879
-885.540039
-1152.582275
-507.592926
55.061852
495.505585
737.575256
687.683472
567.354736
792.618591
855.617676
826.203918
935.815308
868.203186
847.535889
836.847473
947.096558
923.797119
862.489990
942.507751
896.606262
883.997070
913.519897
719.869568
625.941162
745.885498
609.658691
531.291504
574.399170
634.895996
610.505859
495.716736
509.774506
487.060425
477.972076
465.573273
374.130188
396.558197
544.655029
547.847961
385.078156
435.593323
491.828644
430.430145
494.606018
489.179840
401.326233
409.282654
388.609772
373.977783
381.005554
420.223450
445.269745
329.400085
405.526123
423.761505
322.470062
366.651581
329.030182
428.236481
463.164825
368.881470
451.625427
374.034912
172.117798
179.187897
241.480240
243.691376
267.472382
267.483124
303.391571
359.841187
609.416260
848.772583
64.212616
-993.228516
-966.000610
-578.024963
58.402214
524.954712
559.333740
582.737732
612.013184
637.994263
574.139038
597.576843
714.824768
693.796265
584.448669
595.959595
645.468689
596.802612
597.377747
595.869141
605.151184
732.850403
720.121887
540.530701
461.016296
513.104370
486.107727
333.375336
350.609497
329.271301
119.438217
118.835831
246.018463
130.468597
157.279617
226.459991
108.763382
220.613174
217.501572
237.094604
358.342621
297.833130
337.576965
310.837311
223.282394
188.284164
210.652939
288.181915
188.455200
169.001038
207.618744
205.748581
196.932999
203.813858
376.175018
341.445221
189.007813
165.713333
198.502609
105.823082
34.677090
186.033875
172.518982
145.486053
152.479263
166.168671
231.136383
351.260468
738.953125
538.090210
-588.422913
-1104.599121
-745.004150
-201.780594
428.838959
694.469055
629.356323
846.693115
940.691895
947.530884
981.061462
947.954590
970.982788
927.615540
960.767395
997.573364
978.140381
976.531677
916.603943
815.859070
930.533264
991.064941
860.831238
765.023254
797.972778
725.373291
624.640747
645.786011
618.279907
694.830872
714.525513
550.468506
547.342285
515.968384
481.716766
489.718506
483.649414
525.105042
546.705994
691.142456
656.535156
520.846069
575.209534
542.319763
532.590332
552.107300
519.213501
625.494568
683.813049
661.877258
652.145630
556.036560
628.913269
581.465393
499.599548
562.645813
412.731476
399.906281
455.043945
496.248596
651.461731
550.009155
497.078827
699.250366
917.282715
763.522705
-429.633881
-1033.975342
-580.181274
54.900723
473.891724
569.321960
661.759888
837.611450
895.303284
831.833069
771.510010
878.754456
903.855957
736.004089
614.474731
725.994934
815.980408
789.533203
779.615112
823.838135
861.116577
831.911255
704.101257
682.048218
664.395020
546.409119
533.145874
554.863220
499.250610
454.033661
397.473969
419.164520
420.397797
407.138214
430.637085
324.824890
408.229828
485.627563
427.301483
426.310303
376.052979
382.255615
474.126801
550.515137
470.420776
292.605042
367.565918
414.671265
350.874634
426.243622
438.513397
464.078064
419.853668
424.521179
421.510223
329.916748
382.847931
230.549149
167.391296
341.169800
218.734634
216.341187
281.284607
289.268280
522.054382
730.559570
471.719025
-536.586792
-1094.294189
-746.348572
-17.147224
535.053040
698.956604
789.586792
868.570923
899.335754
990.383118
992.203857
985.001831
912.375366
964.881409
901.001526
997.381897
930.503906
851.645325
905.882874
946.654907
903.179932
901.674683
806.009216
718.111023
623.606750
617.350830
587.537170
549.151184
624.161926
600.928101
513.750793
513.236206
502.518494
407.943939
433.744446
443.716553
417.187134
462.261230
473.983124
475.789581
495.698425
497.867493
417.823578
381.331787
350.083923
372.932098
462.265259
433.611847
416.504730
315.321991
320.477051
498.643250
373.028748
247.403580
372.097504
308.129883
272.468353
388.642731
358.415680
398.100037
313.759827
215.945404
284.971466
288.499878
343.091492
246.688354
210.577362
316.678894
406.974884
638.463623
827.612366
298.479767
-898.998718
-1082.363770
-415.263702
109.459740
403.591980
608.000366
734.147522
727.399597
802.414307
901.083191
798.391418
703.944946
743.134766
840.286194
923.516479
969.937866
866.318176
807.029846
888.029236
905.119141
967.347046
918.240295
785.485413
683.512878
712.785522
681.226135
653.150879
642.053040
655.802063
545.771790
480.443115
687.534729
706.627380
595.024658
587.430054
545.567078
553.885864
644.545349
583.714417
546.920410
618.438965
635.179871
645.343567
636.204224
589.187439
565.536194
631.980408
574.155457
504.846527
478.647919
466.793610
564.794495
500.559418
455.026825
524.949280
501.320801
460.756897
479.124054
492.761383
533.256348
531.974670
480.897949
507.433533
393.282318
394.389862
488.721069
345.613525
286.204315
319.421295
312.518982
334.129242
434.278961
715.223572
906.272827
48.597546
-984.576416
-874.863037
-160.241013
546.206726
941.926636
944.706360
957.588501
952.195862
1049.005493
982.948181
946.255676
966.550903
981.052490
957.615845
907.055908
994.484375
956.578247
992.043152
1013.064880
924.328552
772.376587
766.077637
735.297424
723.829346
644.177124
501.185760
582.680603
633.557739
500.889496
433.763977
503.115723
405.403778
304.760559
471.071198
414.475128
322.211212
418.628479
435.953308
414.591278
402.151398
508.621948
462.274261
391.302490
458.517975
406.763489
363.983826
408.038757
396.142212
409.272888
476.427948
415.433563
368.964020
333.690338
326.760468
267.138397
216.396179
400.457764
431.264587
365.554321
345.635223
314.722961
425.593933
330.694824
225.382477
321.185699
217.020676
181.765671
146.564163
102.592224
317.346680
325.898743
205.021667
426.570892
777.411194
303.060974
-938.604370
-1214.649170
-661.154175
8.767829
540.303467
600.070374
532.550781
606.723755
727.944946
814.646973
807.280884
823.520874
837.095215
921.627380
883.409424
790.848328
870.748291
904.480408
996.097351
945.620911
856.563721
887.502136
923.007874
800.144836
727.238525
775.072937
767.683777
658.693604
587.482788
631.827148
605.435974
548.928772
663.098816
716.973999
672.806885
703.099792
679.006409
564.550354
584.681641
655.302612
560.149841
635.643127
765.490906
715.218445
702.413330
713.146240
659.222839
541.023071
437.966125
514.204468
645.764709
556.575867
600.084473
662.294495
581.066040
696.923950
615.752502
568.532349
746.407593
565.338562
434.742798
514.113037
476.360992
502.192780
508.957428
461.809753
447.220703
518.265808
708.449524
937.296814
796.227783
-236.404785
-977.635437
-708.059875
-171.373978
380.758118
604.794922
607.848877
644.378662
659.276917
623.716125
546.791382
598.471375
663.014771
677.706299
586.490295
501.283539
649.674255
706.261780
638.291321
673.551208
667.797241
550.754272
495.433167
517.594727
481.668854
393.186768
390.418610
422.306519
417.056763
294.223694
242.649551
358.592316
307.637848
250.746933
234.835449
243.976624
237.114563
244.200058
361.914429
308.174316
333.037964
361.560760
197.927750
218.749847
244.484314
252.205841
318.096008
199.671768
137.859543
220.933090
224.754654
128.950958
150.902405
264.483612
293.745026
250.505478
149.418259
130.028214
212.197266
181.668686
-10.712148
21.556742
139.245239
108.048660
78.721436
57.506203
130.083069
157.898392
247.757462
547.005493
523.690674
-408.204865
-1228.282959
-981.948914
-261.207336
306.424561
696.936951
805.905334
843.896912
947.159241
938.552612
961.322693
999.712769
966.680054
936.858765
915.325134
956.941833
981.796387
937.302673
985.298523
1038.025879
957.586609
913.223877
846.065430
764.903137
687.459900
593.640503
659.308044
649.954956
514.537231
569.672363
579.617676
501.807312
523.926941
486.015320
488.506256
462.639130
429.752045
479.511719
437.697388
494.911438
588.359558
639.901489
567.494873
545.042358
620.295166
574.710754
642.659973
554.723572
395.931793
451.655945
428.149872
420.190063
475.526001
512.367554
488.090210
436.516327
575.794617
603.291565
532.903137
531.853027
521.626770
471.486206
413.126312
553.684021
531.365295
413.529510
527.722717
471.734802
413.298950
448.358490
462.861359
765.630676
986.343445
325.769836
-838.164001
-973.230957
-347.029968
182.560547
537.116943
733.437195
729.097412
662.605103
721.941101
822.215942
802.636108
791.194031
722.669495
733.389221
842.463379
796.887390
886.968079
858.956421
726.179749
829.276733
777.802490
802.973328
838.709473
652.276917
567.066956
622.268250
589.197205
509.271332
676.907166
595.407715
472.901855
628.710571
639.809875
581.591064
533.469360
559.040771
525.490845
412.252991
490.612091
671.777710
676.226685
557.243713
534.982605
551.722412
525.817200
602.373901
663.803467
581.557495
520.183716
497.187286
500.877289
531.926331
489.809143
525.790161
650.498291
562.717834
514.454956
635.678467
605.660400
392.185547
264.521606
370.821228
385.424622
421.083923
611.418457
453.988464
317.488953
531.501221
798.639893
916.305115
87.315605